Dataset Summary Statistics
==================================================

Basic Statistics:
                                date          store           item  ...          month            day      dayofweek
count                         913000  913000.000000  913000.000000  ...  913000.000000  913000.000000  913000.000000
mean   2015-07-02 11:59:59.999999744       5.500000      25.500000  ...       6.523549      15.727820       3.001643
min              2013-01-01 00:00:00       1.000000       1.000000  ...       1.000000       1.000000       0.000000
25%              2014-04-02 00:00:00       3.000000      13.000000  ...       4.000000       8.000000       1.000000
50%              2015-07-02 12:00:00       5.500000      25.500000  ...       7.000000      16.000000       3.000000
75%              2016-10-01 00:00:00       8.000000      38.000000  ...      10.000000      23.000000       5.000000
max              2017-12-31 00:00:00      10.000000      50.000000  ...      12.000000      31.000000       6.000000
std                              NaN       2.872283      14.430878  ...       3.448535       8.799329       1.999316

[8 rows x 8 columns]

Store Statistics:
            mean        std    count
count  10.000000  10.000000     10.0
mean   52.250287  26.428922  91300.0
std    10.848265   5.281896      0.0
min    36.363735  18.684825  91300.0
25%    41.644718  21.275881  91300.0
50%    54.975986  27.782641  91300.0
75%    59.325274  29.869325  91300.0
max    67.033165  33.595810  91300.0

Item Statistics:
            mean        std    count
count  50.000000  50.000000     50.0
mean   52.250287  18.131427  18260.0
std    21.530558   6.887081      0.0
min    18.358708   7.265167  18260.0
25%    30.297358  11.147994  18260.0
50%    51.371358  17.841462  18260.0
75%    69.630915  23.733583  18260.0
max    88.030778  29.522852  18260.0

Correlation Matrix:
              sales         store          item          year         month           day     dayofweek
sales      1.000000 -8.170361e-03 -5.599807e-02  1.823597e-01  8.741417e-02  2.791264e-03  2.226076e-01
store     -0.008170  1.000000e+00  7.280813e-15  1.338002e-13 -4.503225e-16 -4.945093e-16  4.384319e-16
item      -0.055998  7.280813e-15  1.000000e+00  1.908486e-11  4.092420e-15 -2.947188e-14  1.644311e-14
year       0.182360  1.338002e-13  1.908486e-11  1.000000e+00 -5.080291e-04  5.841665e-04  2.711688e-03
month      0.087414 -4.503225e-16  4.092420e-15 -5.080291e-04  1.000000e+00  1.079604e-02 -1.475063e-03
day        0.002791 -4.945093e-16 -2.947188e-14  5.841665e-04  1.079604e-02  1.000000e+00  7.725204e-04
dayofweek  0.222608  4.384319e-16  1.644311e-14  2.711688e-03 -1.475063e-03  7.725204e-04  1.000000e+00
